1.100000e-01 -3.356768e-02
1.100200e-01 -3.329851e-02
1.100400e-01 -3.302953e-02
1.100600e-01 -3.276075e-02
1.100800e-01 -3.249217e-02
1.101000e-01 -3.222378e-02
1.101200e-01 -3.195559e-02
1.101400e-01 -3.168759e-02
1.101600e-01 -3.141979e-02
1.101800e-01 -3.115219e-02
1.102000e-01 -3.088478e-02
1.102200e-01 -3.061757e-02
1.102400e-01 -3.035055e-02
1.102600e-01 -3.008372e-02
1.102800e-01 -2.981709e-02
1.103000e-01 -2.955065e-02
1.103200e-01 -2.928440e-02
1.103400e-01 -2.901835e-02
1.103600e-01 -2.875249e-02
1.103800e-01 -2.848683e-02
1.104000e-01 -2.822135e-02
1.104200e-01 -2.795607e-02
1.104400e-01 -2.769098e-02
1.104600e-01 -2.742608e-02
1.104800e-01 -2.716137e-02
1.105000e-01 -2.689686e-02
1.105200e-01 -2.663253e-02
1.105400e-01 -2.636840e-02
1.105600e-01 -2.610445e-02
1.105800e-01 -2.584070e-02
1.106000e-01 -2.557713e-02
1.106200e-01 -2.531376e-02
1.106400e-01 -2.505057e-02
1.106600e-01 -2.478758e-02
1.106800e-01 -2.452477e-02
1.107000e-01 -2.426215e-02
1.107200e-01 -2.399972e-02
1.107400e-01 -2.373747e-02
1.107600e-01 -2.347542e-02
1.107800e-01 -2.321355e-02
1.108000e-01 -2.295187e-02
1.108200e-01 -2.269037e-02
1.108400e-01 -2.242907e-02
1.108600e-01 -2.216795e-02
1.108800e-01 -2.190701e-02
1.109000e-01 -2.164626e-02
1.109200e-01 -2.138570e-02
1.109400e-01 -2.112532e-02
1.109600e-01 -2.086513e-02
1.109800e-01 -2.060512e-02
1.110000e-01 -2.034530e-02
1.110200e-01 -2.008566e-02
1.110400e-01 -1.982621e-02
1.110600e-01 -1.956694e-02
1.110800e-01 -1.930785e-02
1.111000e-01 -1.904895e-02
1.111200e-01 -1.879023e-02
1.111400e-01 -1.853170e-02
1.111600e-01 -1.827334e-02
1.111800e-01 -1.801517e-02
1.112000e-01 -1.775718e-02
1.112200e-01 -1.749938e-02
1.112400e-01 -1.724175e-02
1.112600e-01 -1.698431e-02
1.112800e-01 -1.672705e-02
1.113000e-01 -1.646997e-02
1.113200e-01 -1.621307e-02
1.113400e-01 -1.595635e-02
1.113600e-01 -1.569981e-02
1.113800e-01 -1.544345e-02
1.114000e-01 -1.518727e-02
1.114200e-01 -1.493127e-02
1.114400e-01 -1.467545e-02
1.114600e-01 -1.441981e-02
1.114800e-01 -1.416435e-02
1.115000e-01 -1.390906e-02
1.115200e-01 -1.365396e-02
1.115400e-01 -1.339903e-02
1.115600e-01 -1.314428e-02
1.115800e-01 -1.288971e-02
1.116000e-01 -1.263532e-02
1.116200e-01 -1.238110e-02
1.116400e-01 -1.212707e-02
1.116600e-01 -1.187320e-02
1.116800e-01 -1.161952e-02
1.117000e-01 -1.136601e-02
1.117200e-01 -1.111267e-02
1.117400e-01 -1.085952e-02
1.117600e-01 -1.060654e-02
1.117800e-01 -1.035373e-02
1.118000e-01 -1.010110e-02
1.118200e-01 -9.848642e-03
1.118400e-01 -9.596361e-03
1.118600e-01 -9.344254e-03
1.118800e-01 -9.092321e-03
1.119000e-01 -8.840562e-03
1.119200e-01 -8.588978e-03
1.119400e-01 -8.337566e-03
1.119600e-01 -8.086328e-03
1.119800e-01 -7.835264e-03
1.120000e-01 -7.584372e-03
1.120200e-01 -7.333652e-03
1.120400e-01 -7.083106e-03
1.120600e-01 -6.832731e-03
1.120800e-01 -6.582528e-03
1.121000e-01 -6.332498e-03
1.121200e-01 -6.082638e-03
1.121400e-01 -5.832950e-03
1.121600e-01 -5.583434e-03
1.121800e-01 -5.334088e-03
1.122000e-01 -5.084912e-03
1.122200e-01 -4.835907e-03
1.122400e-01 -4.587073e-03
1.122600e-01 -4.338408e-03
1.122800e-01 -4.089913e-03
1.123000e-01 -3.841588e-03
1.123200e-01 -3.593432e-03
1.123400e-01 -3.345445e-03
1.123600e-01 -3.097626e-03
1.123800e-01 -2.849977e-03
1.124000e-01 -2.602496e-03
1.124200e-01 -2.355183e-03
1.124400e-01 -2.108038e-03
1.124600e-01 -1.861061e-03
1.124800e-01 -1.614252e-03
1.125000e-01 -1.367610e-03
1.125200e-01 -1.121135e-03
1.125400e-01 -8.748270e-04
1.125600e-01 -6.286857e-04
1.125800e-01 -3.827109e-04
1.126000e-01 -1.369023e-04
1.126200e-01 1.087402e-04
1.126400e-01 3.542168e-04
1.126600e-01 5.995278e-04
1.126800e-01 8.446734e-04
1.127000e-01 1.089654e-03
1.127200e-01 1.334469e-03
1.127400e-01 1.579120e-03
1.127600e-01 1.823606e-03
1.127800e-01 2.067928e-03
1.128000e-01 2.312085e-03
1.128200e-01 2.556079e-03
1.128400e-01 2.799909e-03
1.128600e-01 3.043575e-03
1.128800e-01 3.287078e-03
1.129000e-01 3.530418e-03
1.129200e-01 3.773596e-03
1.129400e-01 4.016610e-03
1.129600e-01 4.259462e-03
1.129800e-01 4.502152e-03
1.130000e-01 4.744680e-03
1.130200e-01 4.987045e-03
1.130400e-01 5.229250e-03
1.130600e-01 5.471293e-03
1.130800e-01 5.713174e-03
1.131000e-01 5.954895e-03
1.131200e-01 6.196455e-03
1.131400e-01 6.437854e-03
1.131600e-01 6.679093e-03
1.131800e-01 6.920171e-03
1.132000e-01 7.161090e-03
1.132200e-01 7.401849e-03
1.132400e-01 7.642448e-03
1.132600e-01 7.882888e-03
1.132800e-01 8.123169e-03
1.133000e-01 8.363291e-03
1.133200e-01 8.603254e-03
1.133400e-01 8.843058e-03
1.133600e-01 9.082704e-03
1.133800e-01 9.322192e-03
1.134000e-01 9.561522e-03
1.134200e-01 9.800694e-03
1.134400e-01 1.003971e-02
1.134600e-01 1.027857e-02
1.134800e-01 1.051727e-02
1.135000e-01 1.075581e-02
1.135200e-01 1.099420e-02
1.135400e-01 1.123243e-02
1.135600e-01 1.147050e-02
1.135800e-01 1.170842e-02
1.136000e-01 1.194618e-02
1.136200e-01 1.218378e-02
1.136400e-01 1.242123e-02
1.136600e-01 1.265853e-02
1.136800e-01 1.289567e-02
1.137000e-01 1.313265e-02
1.137200e-01 1.336948e-02
1.137400e-01 1.360616e-02
1.137600e-01 1.384268e-02
1.137800e-01 1.407904e-02
1.138000e-01 1.431526e-02
1.138200e-01 1.455132e-02
1.138400e-01 1.478722e-02
1.138600e-01 1.502297e-02
1.138800e-01 1.525857e-02
1.139000e-01 1.549402e-02
1.139200e-01 1.572931e-02
1.139400e-01 1.596445e-02
1.139600e-01 1.619944e-02
1.139800e-01 1.643427e-02
1.140000e-01 1.666895e-02
1.140200e-01 1.690349e-02
1.140400e-01 1.713787e-02
1.140600e-01 1.737209e-02
1.140800e-01 1.760617e-02
1.141000e-01 1.784010e-02
1.141200e-01 1.807387e-02
1.141400e-01 1.830749e-02
1.141600e-01 1.854097e-02
1.141800e-01 1.877429e-02
1.142000e-01 1.900746e-02
1.142200e-01 1.924049e-02
1.142400e-01 1.947336e-02
1.142600e-01 1.970608e-02
1.142800e-01 1.993866e-02
1.143000e-01 2.017108e-02
1.143200e-01 2.040336e-02
1.143400e-01 2.063548e-02
1.143600e-01 2.086746e-02
1.143800e-01 2.109929e-02
1.144000e-01 2.133097e-02
1.144200e-01 2.156250e-02
1.144400e-01 2.179389e-02
1.144600e-01 2.202513e-02
1.144800e-01 2.225622e-02
1.145000e-01 2.248716e-02
1.145200e-01 2.271795e-02
1.145400e-01 2.294860e-02
1.145600e-01 2.317910e-02
1.145800e-01 2.340946e-02
1.146000e-01 2.363966e-02
1.146200e-01 2.386973e-02
1.146400e-01 2.409964e-02
1.146600e-01 2.432941e-02
1.146800e-01 2.455904e-02
1.147000e-01 2.478851e-02
1.147200e-01 2.501785e-02
1.147400e-01 2.524703e-02
1.147600e-01 2.547608e-02
1.147800e-01 2.570497e-02
1.148000e-01 2.593373e-02
1.148200e-01 2.616234e-02
1.148400e-01 2.639080e-02
1.148600e-01 2.661912e-02
1.148800e-01 2.684730e-02
1.149000e-01 2.707533e-02
1.149200e-01 2.730322e-02
1.149400e-01 2.753096e-02
1.149600e-01 2.775856e-02
1.149800e-01 2.798602e-02
1.150000e-01 2.821334e-02
1.150200e-01 2.844051e-02
1.150400e-01 2.866754e-02
1.150600e-01 2.889443e-02
1.150800e-01 2.912118e-02
1.151000e-01 2.934778e-02
1.151200e-01 2.957424e-02
1.151400e-01 2.980056e-02
1.151600e-01 3.002674e-02
1.151800e-01 3.025278e-02
1.152000e-01 3.047868e-02
1.152200e-01 3.070443e-02
1.152400e-01 3.093005e-02
1.152600e-01 3.115552e-02
1.152800e-01 3.138085e-02
1.153000e-01 3.160605e-02
1.153200e-01 3.183110e-02
1.153400e-01 3.205601e-02
1.153600e-01 3.228078e-02
1.153800e-01 3.250542e-02
1.154000e-01 3.272991e-02
1.154200e-01 3.295427e-02
1.154400e-01 3.317848e-02
1.154600e-01 3.340256e-02
1.154800e-01 3.362650e-02
1.155000e-01 3.385030e-02
1.155200e-01 3.407396e-02
1.155400e-01 3.429748e-02
1.155600e-01 3.452086e-02
1.155800e-01 3.474411e-02
1.156000e-01 3.496722e-02
1.156200e-01 3.519019e-02
1.156400e-01 3.541303e-02
1.156600e-01 3.563572e-02
1.156800e-01 3.585828e-02
1.157000e-01 3.608070e-02
1.157200e-01 3.630299e-02
1.157400e-01 3.652514e-02
1.157600e-01 3.674715e-02
1.157800e-01 3.696903e-02
1.158000e-01 3.719077e-02
1.158200e-01 3.741237e-02
1.158400e-01 3.763384e-02
1.158600e-01 3.785517e-02
1.158800e-01 3.807637e-02
1.159000e-01 3.829743e-02
1.159200e-01 3.851836e-02
1.159400e-01 3.873915e-02
1.159600e-01 3.895981e-02
1.159800e-01 3.918033e-02
1.160000e-01 3.940072e-02
1.160200e-01 3.962098e-02
1.160400e-01 3.984110e-02
1.160600e-01 4.006108e-02
1.160800e-01 4.028093e-02
1.161000e-01 4.050065e-02
1.161200e-01 4.072024e-02
1.161400e-01 4.093969e-02
1.161600e-01 4.115901e-02
1.161800e-01 4.137819e-02
1.162000e-01 4.159724e-02
1.162200e-01 4.181616e-02
1.162400e-01 4.203495e-02
1.162600e-01 4.225361e-02
1.162800e-01 4.247213e-02
1.163000e-01 4.269052e-02
1.163200e-01 4.290878e-02
1.163400e-01 4.312690e-02
1.163600e-01 4.334490e-02
1.163800e-01 4.356276e-02
1.164000e-01 4.378050e-02
1.164200e-01 4.399810e-02
1.164400e-01 4.421557e-02
1.164600e-01 4.443291e-02
1.164800e-01 4.465012e-02
1.165000e-01 4.486719e-02
1.165200e-01 4.508414e-02
1.165400e-01 4.530096e-02
1.165600e-01 4.551765e-02
1.165800e-01 4.573421e-02
1.166000e-01 4.595063e-02
1.166200e-01 4.616693e-02
1.166400e-01 4.638310e-02
1.166600e-01 4.659914e-02
1.166800e-01 4.681505e-02
1.167000e-01 4.703084e-02
1.167200e-01 4.724649e-02
1.167400e-01 4.746201e-02
1.167600e-01 4.767741e-02
1.167800e-01 4.789268e-02
1.168000e-01 4.810782e-02
1.168200e-01 4.832283e-02
1.168400e-01 4.853771e-02
1.168600e-01 4.875247e-02
1.168800e-01 4.896710e-02
1.169000e-01 4.918160e-02
1.169200e-01 4.939597e-02
1.169400e-01 4.961022e-02
1.169600e-01 4.982434e-02
1.169800e-01 5.003833e-02
1.170000e-01 5.025220e-02
1.170200e-01 5.046594e-02
1.170400e-01 5.067955e-02
1.170600e-01 5.089304e-02
1.170800e-01 5.110640e-02
1.171000e-01 5.131963e-02
1.171200e-01 5.153274e-02
1.171400e-01 5.174572e-02
1.171600e-01 5.195858e-02
1.171800e-01 5.217132e-02
1.172000e-01 5.238392e-02
1.172200e-01 5.259641e-02
1.172400e-01 5.280876e-02
1.172600e-01 5.302100e-02
1.172800e-01 5.323310e-02
1.173000e-01 5.344509e-02
1.173200e-01 5.365695e-02
1.173400e-01 5.386868e-02
1.173600e-01 5.408029e-02
1.173800e-01 5.429178e-02
1.174000e-01 5.450314e-02
1.174200e-01 5.471438e-02
1.174400e-01 5.492550e-02
1.174600e-01 5.513650e-02
1.174800e-01 5.534737e-02
1.175000e-01 5.555811e-02
1.175200e-01 5.576874e-02
1.175400e-01 5.597924e-02
1.175600e-01 5.618962e-02
1.175800e-01 5.639987e-02
1.176000e-01 5.661001e-02
1.176200e-01 5.682002e-02
1.176400e-01 5.702991e-02
1.176600e-01 5.723968e-02
1.176800e-01 5.744933e-02
1.177000e-01 5.765885e-02
1.177200e-01 5.786825e-02
1.177400e-01 5.807754e-02
1.177600e-01 5.828670e-02
1.177800e-01 5.849574e-02
1.178000e-01 5.870466e-02
1.178200e-01 5.891346e-02
1.178400e-01 5.912213e-02
1.178600e-01 5.933069e-02
1.178800e-01 5.953913e-02
1.179000e-01 5.974745e-02
1.179200e-01 5.995564e-02
1.179400e-01 6.016372e-02
1.179600e-01 6.037168e-02
1.179800e-01 6.057952e-02
1.180000e-01 6.078724e-02
1.180200e-01 6.099483e-02
1.180400e-01 6.120231e-02
1.180600e-01 6.140967e-02
1.180800e-01 6.161692e-02
1.181000e-01 6.182404e-02
1.181200e-01 6.203104e-02
1.181400e-01 6.223793e-02
1.181600e-01 6.244470e-02
1.181800e-01 6.265135e-02
1.182000e-01 6.285788e-02
1.182200e-01 6.306429e-02
1.182400e-01 6.327059e-02
1.182600e-01 6.347677e-02
1.182800e-01 6.368283e-02
1.183000e-01 6.388877e-02
1.183200e-01 6.409459e-02
1.183400e-01 6.430030e-02
1.183600e-01 6.450589e-02
1.183800e-01 6.471137e-02
1.184000e-01 6.491673e-02
1.184200e-01 6.512197e-02
1.184400e-01 6.532709e-02
1.184600e-01 6.553210e-02
1.184800e-01 6.573699e-02
1.185000e-01 6.594177e-02
1.185200e-01 6.614643e-02
1.185400e-01 6.635097e-02
1.185600e-01 6.655540e-02
1.185800e-01 6.675972e-02
1.186000e-01 6.696391e-02
1.186200e-01 6.716800e-02
1.186400e-01 6.737196e-02
1.186600e-01 6.757582e-02
1.186800e-01 6.777955e-02
1.187000e-01 6.798318e-02
1.187200e-01 6.818669e-02
1.187400e-01 6.839008e-02
1.187600e-01 6.859336e-02
1.187800e-01 6.879652e-02
1.188000e-01 6.899957e-02
1.188200e-01 6.920251e-02
1.188400e-01 6.940534e-02
1.188600e-01 6.960804e-02
1.188800e-01 6.981064e-02
1.189000e-01 7.001312e-02
1.189200e-01 7.021549e-02
1.189400e-01 7.041775e-02
1.189600e-01 7.061989e-02
1.189800e-01 7.082192e-02
1.190000e-01 7.102384e-02
1.190200e-01 7.122564e-02
1.190400e-01 7.142734e-02
1.190600e-01 7.162892e-02
1.190800e-01 7.183038e-02
1.191000e-01 7.203174e-02
1.191200e-01 7.223298e-02
1.191400e-01 7.243411e-02
1.191600e-01 7.263513e-02
1.191800e-01 7.283604e-02
1.192000e-01 7.303684e-02
1.192200e-01 7.323752e-02
1.192400e-01 7.343810e-02
1.192600e-01 7.363856e-02
1.192800e-01 7.383891e-02
1.193000e-01 7.403915e-02
1.193200e-01 7.423928e-02
1.193400e-01 7.443930e-02
1.193600e-01 7.463921e-02
1.193800e-01 7.483901e-02
1.194000e-01 7.503870e-02
1.194200e-01 7.523827e-02
1.194400e-01 7.543774e-02
1.194600e-01 7.563710e-02
1.194800e-01 7.583635e-02
1.195000e-01 7.603549e-02
1.195200e-01 7.623452e-02
1.195400e-01 7.643344e-02
1.195600e-01 7.663225e-02
1.195800e-01 7.683095e-02
1.196000e-01 7.702954e-02
1.196200e-01 7.722802e-02
1.196400e-01 7.742640e-02
1.196600e-01 7.762466e-02
1.196800e-01 7.782282e-02
1.197000e-01 7.802087e-02
1.197200e-01 7.821881e-02
1.197400e-01 7.841664e-02
1.197600e-01 7.861437e-02
1.197800e-01 7.881199e-02
1.198000e-01 7.900949e-02
1.198200e-01 7.920690e-02
1.198400e-01 7.940419e-02
1.198600e-01 7.960138e-02
1.198800e-01 7.979845e-02
1.199000e-01 7.999543e-02
1.199200e-01 8.019229e-02
1.199400e-01 8.038905e-02
1.199600e-01 8.058570e-02
1.199800e-01 8.078224e-02
1.200000e-01 8.097868e-02
1.200200e-01 8.117501e-02
1.200400e-01 8.137124e-02
1.200600e-01 8.156735e-02
1.200800e-01 8.176337e-02
1.201000e-01 8.195927e-02
1.201200e-01 8.215507e-02
1.201400e-01 8.235077e-02
1.201600e-01 8.254636e-02
1.201800e-01 8.274184e-02
1.202000e-01 8.293722e-02
1.202200e-01 8.313249e-02
1.202400e-01 8.332766e-02
1.202600e-01 8.352272e-02
1.202800e-01 8.371768e-02
1.203000e-01 8.391253e-02
1.203200e-01 8.410728e-02
1.203400e-01 8.430192e-02
1.203600e-01 8.449646e-02
1.203800e-01 8.469089e-02
1.204000e-01 8.488522e-02
1.204200e-01 8.507945e-02
1.204400e-01 8.527357e-02
1.204600e-01 8.546759e-02
1.204800e-01 8.566151e-02
1.205000e-01 8.585532e-02
1.205200e-01 8.604902e-02
1.205400e-01 8.624263e-02
1.205600e-01 8.643613e-02
1.205800e-01 8.662952e-02
1.206000e-01 8.682282e-02
1.206200e-01 8.701601e-02
1.206400e-01 8.720910e-02
1.206600e-01 8.740208e-02
1.206800e-01 8.759496e-02
1.207000e-01 8.778775e-02
1.207200e-01 8.798042e-02
1.207400e-01 8.817300e-02
1.207600e-01 8.836547e-02
1.207800e-01 8.855784e-02
1.208000e-01 8.875011e-02
1.208200e-01 8.894228e-02
1.208400e-01 8.913434e-02
1.208600e-01 8.932631e-02
1.208800e-01 8.951817e-02
1.209000e-01 8.970993e-02
1.209200e-01 8.990159e-02
1.209400e-01 9.009315e-02
1.209600e-01 9.028461e-02
1.209800e-01 9.047596e-02
1.210000e-01 9.066722e-02
1.210200e-01 9.085837e-02
1.210400e-01 9.104943e-02
1.210600e-01 9.124038e-02
1.210800e-01 9.143124e-02
1.211000e-01 9.162199e-02
1.211200e-01 9.181264e-02
1.211400e-01 9.200319e-02
1.211600e-01 9.219365e-02
1.211800e-01 9.238400e-02
1.212000e-01 9.257425e-02
1.212200e-01 9.276441e-02
1.212400e-01 9.295446e-02
1.212600e-01 9.314442e-02
1.212800e-01 9.333427e-02
1.213000e-01 9.352403e-02
1.213200e-01 9.371368e-02
1.213400e-01 9.390324e-02
1.213600e-01 9.409270e-02
1.213800e-01 9.428206e-02
1.214000e-01 9.447132e-02
1.214200e-01 9.466049e-02
1.214400e-01 9.484955e-02
1.214600e-01 9.503852e-02
1.214800e-01 9.522738e-02
1.215000e-01 9.541615e-02
1.215200e-01 9.560483e-02
1.215400e-01 9.579340e-02
1.215600e-01 9.598188e-02
1.215800e-01 9.617026e-02
1.216000e-01 9.635854e-02
1.216200e-01 9.654672e-02
1.216400e-01 9.673481e-02
1.216600e-01 9.692279e-02
1.216800e-01 9.711069e-02
1.217000e-01 9.729848e-02
1.217200e-01 9.748618e-02
1.217400e-01 9.767378e-02
1.217600e-01 9.786128e-02
1.217800e-01 9.804869e-02
1.218000e-01 9.823600e-02
1.218200e-01 9.842321e-02
1.218400e-01 9.861033e-02
1.218600e-01 9.879735e-02
1.218800e-01 9.898428e-02
1.219000e-01 9.917111e-02
1.219200e-01 9.935784e-02
1.219400e-01 9.954448e-02
1.219600e-01 9.973102e-02
1.219800e-01 9.991747e-02
1.220000e-01 1.001038e-01
1.220200e-01 1.002901e-01
1.220400e-01 1.004762e-01
1.220600e-01 1.006623e-01
1.220800e-01 1.008483e-01
1.221000e-01 1.010341e-01
1.221200e-01 1.012199e-01
1.221400e-01 1.014056e-01
1.221600e-01 1.015912e-01
1.221800e-01 1.017767e-01
1.222000e-01 1.019621e-01
1.222200e-01 1.021474e-01
1.222400e-01 1.023326e-01
1.222600e-01 1.025177e-01
1.222800e-01 1.027028e-01
1.223000e-01 1.028877e-01
1.223200e-01 1.030725e-01
1.223400e-01 1.032573e-01
1.223600e-01 1.034419e-01
1.223800e-01 1.036265e-01
1.224000e-01 1.038109e-01
1.224200e-01 1.039953e-01
1.224400e-01 1.041796e-01
1.224600e-01 1.043638e-01
1.224800e-01 1.045479e-01
1.225000e-01 1.047319e-01
1.225200e-01 1.049158e-01
1.225400e-01 1.050996e-01
1.225600e-01 1.052833e-01
1.225800e-01 1.054669e-01
1.226000e-01 1.056504e-01
1.226200e-01 1.058339e-01
1.226400e-01 1.060172e-01
1.226600e-01 1.062005e-01
1.226800e-01 1.063837e-01
1.227000e-01 1.065667e-01
1.227200e-01 1.067497e-01
1.227400e-01 1.069326e-01
1.227600e-01 1.071154e-01
1.227800e-01 1.072981e-01
1.228000e-01 1.074807e-01
1.228200e-01 1.076632e-01
1.228400e-01 1.078457e-01
1.228600e-01 1.080280e-01
1.228800e-01 1.082103e-01
1.229000e-01 1.083924e-01
1.229200e-01 1.085745e-01
1.229400e-01 1.087565e-01
1.229600e-01 1.089383e-01
1.229800e-01 1.091201e-01
1.230000e-01 1.093018e-01
1.230200e-01 1.094834e-01
1.230400e-01 1.096650e-01
1.230600e-01 1.098464e-01
1.230800e-01 1.100277e-01
1.231000e-01 1.102090e-01
1.231200e-01 1.103902e-01
1.231400e-01 1.105712e-01
1.231600e-01 1.107522e-01
1.231800e-01 1.109331e-01
1.232000e-01 1.111139e-01
1.232200e-01 1.112946e-01
1.232400e-01 1.114753e-01
1.232600e-01 1.116558e-01
1.232800e-01 1.118362e-01
1.233000e-01 1.120166e-01
1.233200e-01 1.121969e-01
1.233400e-01 1.123770e-01
1.233600e-01 1.125571e-01
1.233800e-01 1.127371e-01
1.234000e-01 1.129171e-01
1.234200e-01 1.130969e-01
1.234400e-01 1.132766e-01
1.234600e-01 1.134563e-01
1.234800e-01 1.136358e-01
1.235000e-01 1.138153e-01
1.235200e-01 1.139947e-01
1.235400e-01 1.141740e-01
1.235600e-01 1.143532e-01
1.235800e-01 1.145323e-01
1.236000e-01 1.147113e-01
1.236200e-01 1.148903e-01
1.236400e-01 1.150691e-01
1.236600e-01 1.152479e-01
1.236800e-01 1.154266e-01
1.237000e-01 1.156052e-01
1.237200e-01 1.157837e-01
1.237400e-01 1.159621e-01
1.237600e-01 1.161405e-01
1.237800e-01 1.163187e-01
1.238000e-01 1.164969e-01
1.238200e-01 1.166749e-01
1.238400e-01 1.168529e-01
1.238600e-01 1.170308e-01
1.238800e-01 1.172086e-01
1.239000e-01 1.173864e-01
1.239200e-01 1.175640e-01
1.239400e-01 1.177416e-01
1.239600e-01 1.179190e-01
1.239800e-01 1.180964e-01
1.240000e-01 1.182737e-01
1.240200e-01 1.184509e-01
1.240400e-01 1.186280e-01
1.240600e-01 1.188051e-01
1.240800e-01 1.189820e-01
1.241000e-01 1.191589e-01
1.241200e-01 1.193357e-01
1.241400e-01 1.195124e-01
1.241600e-01 1.196890e-01
1.241800e-01 1.198655e-01
1.242000e-01 1.200420e-01
1.242200e-01 1.202183e-01
1.242400e-01 1.203946e-01
1.242600e-01 1.205708e-01
1.242800e-01 1.207469e-01
1.243000e-01 1.209229e-01
1.243200e-01 1.210989e-01
1.243400e-01 1.212747e-01
1.243600e-01 1.214505e-01
1.243800e-01 1.216262e-01
1.244000e-01 1.218018e-01
1.244200e-01 1.219773e-01
1.244400e-01 1.221527e-01
1.244600e-01 1.223281e-01
1.244800e-01 1.225033e-01
1.245000e-01 1.226785e-01
1.245200e-01 1.228536e-01
1.245400e-01 1.230286e-01
1.245600e-01 1.232035e-01
1.245800e-01 1.233784e-01
1.246000e-01 1.235531e-01
1.246200e-01 1.237278e-01
1.246400e-01 1.239024e-01
1.246600e-01 1.240769e-01
1.246800e-01 1.242514e-01
1.247000e-01 1.244257e-01
1.247200e-01 1.246000e-01
1.247400e-01 1.247742e-01
1.247600e-01 1.249483e-01
1.247800e-01 1.251223e-01
1.248000e-01 1.252962e-01
1.248200e-01 1.254701e-01
1.248400e-01 1.256438e-01
1.248600e-01 1.258175e-01
1.248800e-01 1.259911e-01
1.249000e-01 1.261647e-01
1.249200e-01 1.263381e-01
1.249400e-01 1.265115e-01
1.249600e-01 1.266847e-01
1.249800e-01 1.268579e-01
1.250000e-01 1.270310e-01
1.250200e-01 1.272041e-01
1.250400e-01 1.273770e-01
1.250600e-01 1.275499e-01
1.250800e-01 1.277227e-01
1.251000e-01 1.278954e-01
1.251200e-01 1.280680e-01
1.251400e-01 1.282406e-01
1.251600e-01 1.284130e-01
1.251800e-01 1.285854e-01
1.252000e-01 1.287577e-01
1.252200e-01 1.289300e-01
1.252400e-01 1.291021e-01
1.252600e-01 1.292742e-01
1.252800e-01 1.294462e-01
1.253000e-01 1.296181e-01
1.253200e-01 1.297899e-01
1.253400e-01 1.299616e-01
1.253600e-01 1.301333e-01
1.253800e-01 1.303049e-01
1.254000e-01 1.304764e-01
1.254200e-01 1.306478e-01
1.254400e-01 1.308191e-01
1.254600e-01 1.309904e-01
1.254800e-01 1.311616e-01
1.255000e-01 1.313327e-01
1.255200e-01 1.315037e-01
1.255400e-01 1.316747e-01
1.255600e-01 1.318455e-01
1.255800e-01 1.320163e-01
1.256000e-01 1.321870e-01
1.256200e-01 1.323576e-01
1.256400e-01 1.325282e-01
1.256600e-01 1.326987e-01
1.256800e-01 1.328691e-01
1.257000e-01 1.330394e-01
1.257200e-01 1.332096e-01
1.257400e-01 1.333798e-01
1.257600e-01 1.335498e-01
1.257800e-01 1.337198e-01
1.258000e-01 1.338898e-01
1.258200e-01 1.340596e-01
1.258400e-01 1.342294e-01
1.258600e-01 1.343991e-01
1.258800e-01 1.345687e-01
1.259000e-01 1.347382e-01
1.259200e-01 1.349076e-01
1.259400e-01 1.350770e-01
1.259600e-01 1.352463e-01
1.259800e-01 1.354155e-01
1.260000e-01 1.355847e-01
1.260200e-01 1.357538e-01
1.260400e-01 1.359227e-01
1.260600e-01 1.360917e-01
1.260800e-01 1.362605e-01
1.261000e-01 1.364292e-01
1.261200e-01 1.365979e-01
1.261400e-01 1.367665e-01
1.261600e-01 1.369351e-01
1.261800e-01 1.371035e-01
1.262000e-01 1.372719e-01
1.262200e-01 1.374402e-01
1.262400e-01 1.376084e-01
1.262600e-01 1.377765e-01
1.262800e-01 1.379446e-01
1.263000e-01 1.381126e-01
1.263200e-01 1.382805e-01
1.263400e-01 1.384483e-01
1.263600e-01 1.386161e-01
1.263800e-01 1.387838e-01
1.264000e-01 1.389514e-01
1.264200e-01 1.391189e-01
1.264400e-01 1.392864e-01
1.264600e-01 1.394538e-01
1.264800e-01 1.396211e-01
1.265000e-01 1.397883e-01
1.265200e-01 1.399555e-01
1.265400e-01 1.401225e-01
1.265600e-01 1.402895e-01
1.265800e-01 1.404565e-01
1.266000e-01 1.406233e-01
1.266200e-01 1.407901e-01
1.266400e-01 1.409568e-01
1.266600e-01 1.411234e-01
1.266800e-01 1.412900e-01
1.267000e-01 1.414565e-01
1.267200e-01 1.416229e-01
1.267400e-01 1.417892e-01
1.267600e-01 1.419555e-01
1.267800e-01 1.421217e-01
1.268000e-01 1.422878e-01
1.268200e-01 1.424538e-01
1.268400e-01 1.426198e-01
1.268600e-01 1.427856e-01
1.268800e-01 1.429514e-01
1.269000e-01 1.431172e-01
1.269200e-01 1.432828e-01
1.269400e-01 1.434484e-01
1.269600e-01 1.436139e-01
1.269800e-01 1.437794e-01
1.270000e-01 1.439448e-01
1.270200e-01 1.441100e-01
1.270400e-01 1.442753e-01
1.270600e-01 1.444404e-01
1.270800e-01 1.446055e-01
1.271000e-01 1.447705e-01
1.271200e-01 1.449354e-01
1.271400e-01 1.451003e-01
1.271600e-01 1.452650e-01
1.271800e-01 1.454298e-01
1.272000e-01 1.455944e-01
1.272200e-01 1.457589e-01
1.272400e-01 1.459234e-01
1.272600e-01 1.460878e-01
1.272800e-01 1.462522e-01
1.273000e-01 1.464165e-01
1.273200e-01 1.465807e-01
1.273400e-01 1.467448e-01
1.273600e-01 1.469088e-01
1.273800e-01 1.470728e-01
1.274000e-01 1.472367e-01
1.274200e-01 1.474006e-01
1.274400e-01 1.475643e-01
1.274600e-01 1.477280e-01
1.274800e-01 1.478916e-01
1.275000e-01 1.480552e-01
1.275200e-01 1.482187e-01
1.275400e-01 1.483821e-01
1.275600e-01 1.485454e-01
1.275800e-01 1.487087e-01
1.276000e-01 1.488719e-01
1.276200e-01 1.490350e-01
1.276400e-01 1.491980e-01
1.276600e-01 1.493610e-01
1.276800e-01 1.495239e-01
1.277000e-01 1.496867e-01
1.277200e-01 1.498495e-01
1.277400e-01 1.500122e-01
1.277600e-01 1.501748e-01
1.277800e-01 1.503374e-01
1.278000e-01 1.504998e-01
1.278200e-01 1.506622e-01
1.278400e-01 1.508246e-01
1.278600e-01 1.509868e-01
1.278800e-01 1.511490e-01
1.279000e-01 1.513112e-01
1.279200e-01 1.514732e-01
1.279400e-01 1.516352e-01
1.279600e-01 1.517971e-01
1.279800e-01 1.519590e-01
1.280000e-01 1.521207e-01
1.280200e-01 1.522824e-01
1.280400e-01 1.524441e-01
1.280600e-01 1.526056e-01
1.280800e-01 1.527671e-01
1.281000e-01 1.529286e-01
1.281200e-01 1.530899e-01
1.281400e-01 1.532512e-01
1.281600e-01 1.534124e-01
1.281800e-01 1.535736e-01
1.282000e-01 1.537346e-01
1.282200e-01 1.538956e-01
1.282400e-01 1.540566e-01
1.282600e-01 1.542174e-01
1.282800e-01 1.543782e-01
1.283000e-01 1.545390e-01
1.283200e-01 1.546996e-01
1.283400e-01 1.548602e-01
1.283600e-01 1.550208e-01
1.283800e-01 1.551812e-01
1.284000e-01 1.553416e-01
1.284200e-01 1.555019e-01
1.284400e-01 1.556622e-01
1.284600e-01 1.558223e-01
1.284800e-01 1.559825e-01
1.285000e-01 1.561425e-01
1.285200e-01 1.563025e-01
1.285400e-01 1.564624e-01
1.285600e-01 1.566222e-01
1.285800e-01 1.567820e-01
1.286000e-01 1.569417e-01
1.286200e-01 1.571013e-01
1.286400e-01 1.572609e-01
1.286600e-01 1.574204e-01
1.286800e-01 1.575798e-01
1.287000e-01 1.577392e-01
1.287200e-01 1.578985e-01
1.287400e-01 1.580577e-01
1.287600e-01 1.582169e-01
1.287800e-01 1.583760e-01
1.288000e-01 1.585350e-01
1.288200e-01 1.586939e-01
1.288400e-01 1.588528e-01
1.288600e-01 1.590116e-01
1.288800e-01 1.591704e-01
1.289000e-01 1.593291e-01
1.289200e-01 1.594877e-01
1.289400e-01 1.596463e-01
1.289600e-01 1.598048e-01
1.289800e-01 1.599632e-01
1.290000e-01 1.601215e-01
1.290200e-01 1.602798e-01
1.290400e-01 1.604380e-01
1.290600e-01 1.605962e-01
1.290800e-01 1.607543e-01
1.291000e-01 1.609123e-01
1.291200e-01 1.610702e-01
1.291400e-01 1.612281e-01
1.291600e-01 1.613860e-01
1.291800e-01 1.615437e-01
1.292000e-01 1.617014e-01
1.292200e-01 1.618590e-01
1.292400e-01 1.620166e-01
1.292600e-01 1.621741e-01
1.292800e-01 1.623315e-01
1.293000e-01 1.624889e-01
1.293200e-01 1.626462e-01
1.293400e-01 1.628034e-01
1.293600e-01 1.629605e-01
1.293800e-01 1.631176e-01
1.294000e-01 1.632747e-01
1.294200e-01 1.634316e-01
1.294400e-01 1.635885e-01
1.294600e-01 1.637454e-01
1.294800e-01 1.639021e-01
1.295000e-01 1.640588e-01
1.295200e-01 1.642155e-01
1.295400e-01 1.643721e-01
1.295600e-01 1.645286e-01
1.295800e-01 1.646850e-01
1.296000e-01 1.648414e-01
1.296200e-01 1.649977e-01
1.296400e-01 1.651540e-01
1.296600e-01 1.653101e-01
1.296800e-01 1.654663e-01
1.297000e-01 1.656223e-01
1.297200e-01 1.657783e-01
1.297400e-01 1.659342e-01
1.297600e-01 1.660901e-01
1.297800e-01 1.662459e-01
1.298000e-01 1.664016e-01
1.298200e-01 1.665573e-01
1.298400e-01 1.667129e-01
1.298600e-01 1.668685e-01
1.298800e-01 1.670239e-01
1.299000e-01 1.671793e-01
1.299200e-01 1.673347e-01
1.299400e-01 1.674900e-01
1.299600e-01 1.676452e-01
1.299800e-01 1.678004e-01
1.300000e-01 1.679555e-01
