0.000000e+00 -0.000000e+00
3.609615e+00 -2.889630e-02
7.219231e+00 -5.777534e-02
1.082885e+01 -8.661294e-02
1.443846e+01 -1.153884e-01
1.804808e+01 -1.440811e-01
2.165769e+01 -1.726705e-01
2.526731e+01 -2.011361e-01
2.887692e+01 -2.294574e-01
3.248654e+01 -2.576142e-01
3.609615e+01 -2.855862e-01
3.970577e+01 -3.133534e-01
4.331538e+01 -3.408959e-01
4.692500e+01 -3.681939e-01
5.053461e+01 -3.952278e-01
5.414423e+01 -4.219783e-01
5.775385e+01 -4.484262e-01
6.136346e+01 -4.745524e-01
6.497308e+01 -5.003384e-01
6.858269e+01 -5.257655e-01
7.219231e+01 -5.508155e-01
7.580192e+01 -5.754706e-01
7.941154e+01 -5.997129e-01
8.302115e+01 -6.235252e-01
8.663077e+01 -6.468902e-01
9.024038e+01 -6.697914e-01
9.385000e+01 -6.922122e-01
9.745961e+01 -7.141366e-01
1.010692e+02 -7.355489e-01
1.046788e+02 -7.564336e-01
1.082885e+02 -7.767759e-01
1.118981e+02 -7.965611e-01
1.155077e+02 -8.157750e-01
1.191173e+02 -8.344039e-01
1.227269e+02 -8.524344e-01
1.263365e+02 -8.698536e-01
1.299462e+02 -8.866490e-01
1.335558e+02 -9.028085e-01
1.371654e+02 -9.183206e-01
1.407750e+02 -9.331741e-01
1.443846e+02 -9.473584e-01
1.479942e+02 -9.608632e-01
1.516038e+02 -9.736791e-01
1.552135e+02 -9.857966e-01
1.588231e+02 -9.972072e-01
1.624327e+02 -1.007903e+00
1.660423e+02 -1.017875e+00
1.696519e+02 -1.027118e+00
1.732615e+02 -1.035624e+00
1.768712e+02 -1.043388e+00
1.804808e+02 -1.050403e+00
1.840904e+02 -1.056665e+00
1.877000e+02 -1.062169e+00
1.913096e+02 -1.066911e+00
1.949192e+02 -1.070888e+00
1.985288e+02 -1.074098e+00
2.021385e+02 -1.076537e+00
2.057481e+02 -1.078204e+00
2.093577e+02 -1.079098e+00
2.129673e+02 -1.079218e+00
2.165769e+02 -1.078564e+00
2.201865e+02 -1.077137e+00
2.237962e+02 -1.074937e+00
2.274058e+02 -1.071966e+00
2.310154e+02 -1.068227e+00
2.346250e+02 -1.063721e+00
2.382346e+02 -1.058453e+00
2.418442e+02 -1.052426e+00
2.454538e+02 -1.045644e+00
2.490635e+02 -1.038112e+00
2.526731e+02 -1.029836e+00
2.562827e+02 -1.020821e+00
2.598923e+02 -1.011075e+00
2.635019e+02 -1.000603e+00
2.671115e+02 -9.894137e-01
2.707212e+02 -9.775150e-01
2.743308e+02 -9.649152e-01
2.779404e+02 -9.516236e-01
2.815500e+02 -9.376495e-01
2.851596e+02 -9.230031e-01
2.887692e+02 -9.076948e-01
2.923788e+02 -8.917357e-01
2.959885e+02 -8.751371e-01
2.995981e+02 -8.579109e-01
3.032077e+02 -8.400696e-01
3.068173e+02 -8.216259e-01
3.104269e+02 -8.025931e-01
3.140365e+02 -7.829847e-01
3.176462e+02 -7.628149e-01
3.212558e+02 -7.420982e-01
3.248654e+02 -7.208493e-01
3.284750e+02 -6.990835e-01
3.320846e+02 -6.768165e-01
3.356942e+02 -6.540642e-01
3.393038e+02 -6.308429e-01
3.429135e+02 -6.071692e-01
3.465231e+02 -5.830602e-01
3.501327e+02 -5.585332e-01
3.537423e+02 -5.336056e-01
3.573519e+02 -5.082955e-01
3.609615e+02 -4.826209e-01
3.645711e+02 -4.566003e-01
3.681808e+02 -4.302523e-01
3.717904e+02 -4.035958e-01
3.754000e+02 -3.766500e-01
3.790096e+02 -3.494341e-01
3.826192e+02 -3.219676e-01
3.862288e+02 -2.942703e-01
3.898385e+02 -2.663621e-01
3.934481e+02 -2.382628e-01
3.970577e+02 -2.099928e-01
4.006673e+02 -1.815722e-01
4.042769e+02 -1.530214e-01
4.078865e+02 -1.243609e-01
4.114961e+02 -9.561124e-02
4.151058e+02 -6.679305e-02
4.187154e+02 -3.792697e-02
4.223250e+02 -9.033700e-03
4.259346e+02 1.986604e-02
4.295442e+02 4.875155e-02
4.331538e+02 7.760210e-02
4.367635e+02 1.063970e-01
4.403731e+02 1.351157e-01
4.439827e+02 1.637375e-01
4.475923e+02 1.922419e-01
4.512019e+02 2.206085e-01
4.548115e+02 2.488170e-01
4.584211e+02 2.768471e-01
4.620308e+02 3.046788e-01
4.656404e+02 3.322920e-01
4.692500e+02 3.596671e-01
4.728596e+02 3.867844e-01
4.764692e+02 4.136245e-01
4.800788e+02 4.401680e-01
4.836885e+02 4.663961e-01
4.872981e+02 4.922900e-01
4.909077e+02 5.178309e-01
4.945173e+02 5.430008e-01
4.981269e+02 5.677815e-01
5.017365e+02 5.921552e-01
5.053461e+02 6.161046e-01
5.089558e+02 6.396124e-01
5.125654e+02 6.626619e-01
5.161750e+02 6.852364e-01
5.197846e+02 7.073200e-01
5.233942e+02 7.288966e-01
5.270038e+02 7.499509e-01
5.306135e+02 7.704679e-01
5.342231e+02 7.904327e-01
5.378327e+02 8.098312e-01
5.414423e+02 8.286494e-01
5.450519e+02 8.468739e-01
5.486615e+02 8.644916e-01
5.522711e+02 8.814900e-01
5.558808e+02 8.978568e-01
5.594904e+02 9.135803e-01
5.631000e+02 9.286493e-01
5.667096e+02 9.430531e-01
5.703192e+02 9.567813e-01
5.739288e+02 9.698241e-01
5.775385e+02 9.821722e-01
5.811481e+02 9.938168e-01
5.847577e+02 1.004749e+00
5.883673e+02 1.014963e+00
5.919769e+02 1.024449e+00
5.955865e+02 1.033201e+00
5.991961e+02 1.041213e+00
6.028058e+02 1.048480e+00
6.064154e+02 1.054996e+00
6.100250e+02 1.060757e+00
6.136346e+02 1.065758e+00
6.172442e+02 1.069995e+00
6.208538e+02 1.073467e+00
6.244635e+02 1.076170e+00
6.280731e+02 1.078102e+00
6.316827e+02 1.079263e+00
6.352923e+02 1.079651e+00
6.389019e+02 1.079267e+00
6.425115e+02 1.078109e+00
6.461211e+02 1.076180e+00
6.497308e+02 1.073481e+00
6.533404e+02 1.070013e+00
6.569500e+02 1.065780e+00
6.605596e+02 1.060784e+00
6.641692e+02 1.055029e+00
6.677788e+02 1.048519e+00
6.713885e+02 1.041259e+00
6.749981e+02 1.033254e+00
6.786077e+02 1.024509e+00
6.822173e+02 1.015032e+00
6.858269e+02 1.004829e+00
6.894365e+02 9.939068e-01
6.930461e+02 9.822739e-01
6.966558e+02 9.699386e-01
7.002654e+02 9.569096e-01
7.038750e+02 9.431964e-01
7.074846e+02 9.288089e-01
7.110942e+02 9.137573e-01
7.147038e+02 8.980525e-01
7.183135e+02 8.817057e-01
7.219231e+02 8.647288e-01
7.255327e+02 8.471338e-01
7.291423e+02 8.289335e-01
7.327519e+02 8.101408e-01
7.363615e+02 7.907693e-01
7.399711e+02 7.708329e-01
7.435808e+02 7.503459e-01
7.471904e+02 7.293229e-01
7.508000e+02 7.077790e-01
7.544096e+02 6.857297e-01
7.580192e+02 6.631908e-01
7.616288e+02 6.401784e-01
7.652385e+02 6.167090e-01
7.688481e+02 5.927994e-01
7.724577e+02 5.684667e-01
7.760673e+02 5.437284e-01
7.796769e+02 5.186022e-01
7.832865e+02 4.931060e-01
7.868961e+02 4.672580e-01
7.905058e+02 4.410768e-01
7.941154e+02 4.145811e-01
7.977250e+02 3.877898e-01
8.013346e+02 3.607220e-01
8.049442e+02 3.333972e-01
8.085538e+02 3.058347e-01
8.121635e+02 2.780544e-01
8.157731e+02 2.500759e-01
8.193827e+02 2.219193e-01
8.229923e+02 1.936047e-01
8.266019e+02 1.651523e-01
8.302115e+02 1.365822e-01
8.338211e+02 1.079150e-01
8.374308e+02 7.917098e-02
8.410404e+02 5.037062e-02
8.446500e+02 2.153444e-02
8.482596e+02 -7.317059e-03
8.518692e+02 -3.616336e-02
8.554788e+02 -6.498395e-02
8.590885e+02 -9.375836e-02
8.626981e+02 -1.224662e-01
8.663077e+02 -1.510870e-01
8.699173e+02 -1.796005e-01
8.735269e+02 -2.079865e-01
8.771365e+02 -2.362249e-01
8.807461e+02 -2.642957e-01
8.843558e+02 -2.921790e-01
8.879654e+02 -3.198552e-01
8.915750e+02 -3.473045e-01
8.951846e+02 -3.745078e-01
8.987942e+02 -4.014457e-01
9.024038e+02 -4.280992e-01
9.060135e+02 -4.544497e-01
9.096231e+02 -4.804785e-01
9.132327e+02 -5.061673e-01
9.168423e+02 -5.314982e-01
9.204519e+02 -5.564532e-01
9.240615e+02 -5.810150e-01
9.276711e+02 -6.051663e-01
9.312808e+02 -6.288902e-01
9.348904e+02 -6.521701e-01
9.385000e+02 -6.749899e-01
9.421096e+02 -6.973335e-01
9.457192e+02 -7.191855e-01
9.493288e+02 -7.405307e-01
9.529385e+02 -7.613543e-01
9.565481e+02 -7.816418e-01
9.601577e+02 -8.013793e-01
9.637673e+02 -8.205532e-01
9.673769e+02 -8.391502e-01
9.709865e+02 -8.571575e-01
9.745961e+02 -8.745630e-01
9.782058e+02 -8.913546e-01
9.818154e+02 -9.075209e-01
9.854250e+02 -9.230510e-01
9.890346e+02 -9.379344e-01
9.926442e+02 -9.521611e-01
9.962538e+02 -9.657214e-01
9.998635e+02 -9.786064e-01
1.003473e+03 -9.908075e-01
1.007083e+03 -1.002317e+00
1.010692e+03 -1.013126e+00
1.014302e+03 -1.023229e+00
1.017912e+03 -1.032619e+00
1.021521e+03 -1.041290e+00
1.025131e+03 -1.049236e+00
1.028740e+03 -1.056453e+00
1.032350e+03 -1.062936e+00
1.035960e+03 -1.068681e+00
1.039569e+03 -1.073685e+00
1.043179e+03 -1.077944e+00
1.046788e+03 -1.081458e+00
1.050398e+03 -1.084224e+00
1.054008e+03 -1.086240e+00
1.057617e+03 -1.087506e+00
1.061227e+03 -1.088023e+00
1.064837e+03 -1.087789e+00
1.068446e+03 -1.086807e+00
1.072056e+03 -1.085078e+00
1.075665e+03 -1.082604e+00
1.079275e+03 -1.079387e+00
1.082885e+03 -1.075430e+00
1.086494e+03 -1.070738e+00
1.090104e+03 -1.065313e+00
1.093713e+03 -1.059161e+00
1.097323e+03 -1.052288e+00
1.100933e+03 -1.044697e+00
1.104542e+03 -1.036396e+00
1.108152e+03 -1.027392e+00
1.111762e+03 -1.017690e+00
1.115371e+03 -1.007300e+00
1.118981e+03 -9.962284e-01
1.122590e+03 -9.844844e-01
1.126200e+03 -9.720767e-01
1.129810e+03 -9.590150e-01
1.133419e+03 -9.453089e-01
1.137029e+03 -9.309687e-01
1.140638e+03 -9.160052e-01
1.144248e+03 -9.004295e-01
1.147858e+03 -8.842531e-01
1.151467e+03 -8.674878e-01
1.155077e+03 -8.501459e-01
1.158687e+03 -8.322400e-01
1.162296e+03 -8.137832e-01
1.165906e+03 -7.947888e-01
1.169515e+03 -7.752703e-01
1.173125e+03 -7.552419e-01
1.176735e+03 -7.347176e-01
1.180344e+03 -7.137122e-01
1.183954e+03 -6.922405e-01
1.187563e+03 -6.703175e-01
1.191173e+03 -6.479586e-01
1.194783e+03 -6.251794e-01
1.198392e+03 -6.019957e-01
1.202002e+03 -5.784236e-01
1.205612e+03 -5.544792e-01
1.209221e+03 -5.301789e-01
1.212831e+03 -5.055394e-01
1.216440e+03 -4.805772e-01
1.220050e+03 -4.553092e-01
1.223660e+03 -4.297524e-01
1.227269e+03 -4.039238e-01
1.230879e+03 -3.778406e-01
1.234488e+03 -3.515200e-01
1.238098e+03 -3.249792e-01
1.241708e+03 -2.982356e-01
1.245317e+03 -2.713066e-01
1.248927e+03 -2.442093e-01
1.252537e+03 -2.169613e-01
1.256146e+03 -1.895798e-01
1.259756e+03 -1.620822e-01
1.263365e+03 -1.344855e-01
1.266975e+03 -1.068071e-01
1.270585e+03 -7.906407e-02
1.274194e+03 -5.127332e-02
1.277804e+03 -2.345178e-02
1.281413e+03 4.383792e-03
1.285023e+03 3.221677e-02
1.288633e+03 6.003067e-02
1.292242e+03 8.780921e-02
1.295852e+03 1.155362e-01
1.299462e+03 1.431958e-01
1.303071e+03 1.707723e-01
1.306681e+03 1.982501e-01
1.310290e+03 2.256139e-01
1.313900e+03 2.528488e-01
1.317510e+03 2.799399e-01
1.321119e+03 3.068728e-01
1.324729e+03 3.336332e-01
1.328338e+03 3.602072e-01
1.331948e+03 3.865811e-01
1.335558e+03 4.127416e-01
1.339167e+03 4.386757e-01
1.342777e+03 4.643707e-01
1.346387e+03 4.898143e-01
1.349996e+03 5.149944e-01
1.353606e+03 5.398994e-01
1.357215e+03 5.645180e-01
1.360825e+03 5.888393e-01
1.364435e+03 6.128528e-01
1.368044e+03 6.365481e-01
1.371654e+03 6.599157e-01
1.375263e+03 6.829459e-01
1.378873e+03 7.056300e-01
1.382483e+03 7.279591e-01
1.386092e+03 7.499252e-01
1.389702e+03 7.715203e-01
1.393312e+03 7.927371e-01
1.396921e+03 8.135686e-01
1.400531e+03 8.340082e-01
1.404140e+03 8.540497e-01
1.407750e+03 8.736873e-01
1.411360e+03 8.929156e-01
1.414969e+03 9.117297e-01
1.418579e+03 9.301249e-01
1.422188e+03 9.480972e-01
1.425798e+03 9.656428e-01
1.429408e+03 9.827583e-01
1.433017e+03 9.994407e-01
1.436627e+03 1.015687e+00
1.440237e+03 1.031496e+00
1.443846e+03 1.046866e+00
1.447456e+03 1.061794e+00
1.451065e+03 1.076280e+00
1.454675e+03 1.090323e+00
1.458285e+03 1.103923e+00
1.461894e+03 1.117080e+00
1.465504e+03 1.129794e+00
1.469113e+03 1.142065e+00
1.472723e+03 1.153896e+00
1.476333e+03 1.165287e+00
1.479942e+03 1.176239e+00
1.483552e+03 1.186756e+00
1.487162e+03 1.196838e+00
1.490771e+03 1.206489e+00
1.494381e+03 1.215712e+00
1.497990e+03 1.224508e+00
1.501600e+03 1.232883e+00
1.505210e+03 1.240839e+00
1.508819e+03 1.248380e+00
1.512429e+03 1.255511e+00
1.516038e+03 1.262235e+00
1.519648e+03 1.268557e+00
1.523258e+03 1.274482e+00
1.526867e+03 1.280015e+00
1.530477e+03 1.285160e+00
1.534087e+03 1.289923e+00
1.537696e+03 1.294309e+00
1.541306e+03 1.298324e+00
1.544915e+03 1.301973e+00
1.548525e+03 1.305263e+00
1.552135e+03 1.308199e+00
1.555744e+03 1.310787e+00
1.559354e+03 1.313034e+00
1.562963e+03 1.314945e+00
1.566573e+03 1.316527e+00
1.570183e+03 1.317786e+00
1.573792e+03 1.318728e+00
1.577402e+03 1.319361e+00
1.581012e+03 1.319691e+00
1.584621e+03 1.319724e+00
1.588231e+03 1.319466e+00
1.591840e+03 1.318926e+00
1.595450e+03 1.318108e+00
1.599060e+03 1.317020e+00
1.602669e+03 1.315669e+00
1.606279e+03 1.314061e+00
1.609888e+03 1.312202e+00
1.613498e+03 1.310100e+00
1.617108e+03 1.307761e+00
1.620717e+03 1.305192e+00
1.624327e+03 1.302398e+00
1.627937e+03 1.299387e+00
1.631546e+03 1.296165e+00
1.635156e+03 1.292739e+00
1.638765e+03 1.289114e+00
1.642375e+03 1.285297e+00
1.645985e+03 1.281295e+00
1.649594e+03 1.277112e+00
1.653204e+03 1.272756e+00
1.656813e+03 1.268233e+00
1.660423e+03 1.263547e+00
1.664033e+03 1.258706e+00
1.667642e+03 1.253715e+00
1.671252e+03 1.248579e+00
1.674862e+03 1.243304e+00
1.678471e+03 1.237896e+00
1.682081e+03 1.232360e+00
1.685690e+03 1.226701e+00
1.689300e+03 1.220925e+00
1.692910e+03 1.215036e+00
1.696519e+03 1.209040e+00
1.700129e+03 1.202941e+00
1.703738e+03 1.196745e+00
1.707348e+03 1.190456e+00
1.710958e+03 1.184078e+00
1.714567e+03 1.177616e+00
1.718177e+03 1.171075e+00
1.721787e+03 1.164459e+00
1.725396e+03 1.157772e+00
1.729006e+03 1.151017e+00
1.732615e+03 1.144201e+00
1.736225e+03 1.137325e+00
1.739835e+03 1.130394e+00
1.743444e+03 1.123412e+00
1.747054e+03 1.116382e+00
1.750663e+03 1.109308e+00
1.754273e+03 1.102193e+00
1.757883e+03 1.095040e+00
1.761492e+03 1.087853e+00
1.765102e+03 1.080636e+00
1.768712e+03 1.073390e+00
1.772321e+03 1.066119e+00
1.775931e+03 1.058826e+00
1.779540e+03 1.051513e+00
1.783150e+03 1.044184e+00
1.786760e+03 1.036841e+00
1.790369e+03 1.029486e+00
1.793979e+03 1.022122e+00
1.797588e+03 1.014752e+00
1.801198e+03 1.007377e+00
1.804808e+03 1.000000e+00
